1,1,54.65,61.44,121.60999999999999,58.93000000000001,1,1,1.0
1,2,97.1,0.01,223.27,69.52,1,1,1.0
1,3,317.8,1.64,392.8,109.16,1,1,1.0
1,4,0.0,14.16,18.67,32.2,1,1,1.0
2,1,32.9,56.26,121.62,58.93,1,1,1.0
2,2,97.1,0.01,223.21,69.44999999999999,1,1,1.0
2,3,317.8,1.64,392.46,109.16,1,1,1.0
2,4,0.0,14.16,9.9,32.2,1,1,1.0
3,1,19.2,55.26,121.61999999999999,58.93,1,1,1.0
3,2,97.1,0.01,223.15,69.39,1,1,1.0
3,3,317.8,1.64,392.11999999999995,109.16,1,1,1.0
4,1,4.48,51.29,110.32,52.71,1,1,1.0
4,2,97.1,0.01,223.08,69.32,1,1,1.0
4,3,317.8,1.64,391.78000000000003,109.16,1,1,1.0
5,1,0.0,50.73,93.3,51.57,1,1,1.0
5,2,97.1,0.01,223.02,69.25999999999999,1,1,1.0
5,3,317.8,1.64,391.44,109.16,1,1,1.0
6,1,0.0,48.46,74.0,44.74,1,1,1.0
6,2,97.1,0.01,222.96,69.19,1,1,1.0
6,3,317.8,1.64,391.09999999999997,109.16,1,1,1.0
7,1,0.0,45.19,57.6,44.71000000000001,1,1,1.0
7,2,97.1,0.01,222.89000000000001,69.13,1,1,1.0
7,3,317.8,1.64,390.75999999999993,109.16,1,1,1.0
8,1,0.0,44.53,43.8,42.06999999999999,1,1,1.0
8,2,97.1,0.01,222.83,69.05999999999999,1,1,1.0
8,3,317.8,1.64,390.42,109.16,1,1,1.0
9,1,0.0,44.53,27.4,40.06999999999999,1,1,1.0
9,2,97.1,0.01,222.77,69.0,1,1,1.0
9,3,317.8,1.64,390.08,109.16,1,1,1.0
10,1,0.0,44.53,13.2,35.97,1,1,1.0
10,2,97.1,0.01,222.70000000000002,68.92999999999999,1,1,1.0
10,3,317.8,1.64,389.73999999999995,109.16,1,1,1.0
10,5,917.02,191.63,31.460000000000036,75.09000000000003,1,1,1.0
11,2,97.1,0.01,222.64000000000001,68.86999999999999,1,1,1.0
11,3,317.8,1.64,389.40000000000003,109.16,1,1,1.0
11,5,875.4,183.5,84.60000000000002,83.22000000000003,1,1,1.0
12,2,97.1,0.01,222.58,68.8,1,1,1.0
12,3,317.8,1.64,389.06,109.16,1,1,1.0
12,5,821.6,167.3,138.39999999999998,99.42000000000002,1,1,1.0
13,2,97.1,0.01,222.51000000000002,68.74,1,1,1.0
13,3,317.8,1.64,388.71999999999997,109.16,1,1,1.0
13,5,781.01,155.12,178.99,108.57999999999998,1,1,1.0
14,2,97.1,0.01,222.45000000000002,68.67,1,1,1.0
14,3,317.8,1.64,388.37999999999994,109.16,1,1,1.0
14,5,735.3,153.1,224.70000000000005,115.70000000000002,1,1,1.0
14,6,0.0,175.19,16.1,54.81,1,1,1.0
15,2,97.1,0.01,222.39000000000001,68.61,1,1,1.0
15,3,317.8,1.64,388.04,109.16,1,1,1.0
15,5,698.77,139.91,261.23,120.78999999999999,1,1,1.0
15,6,0.0,175.19,35.3,62.91,1,1,1.0
16,2,97.1,0.01,222.32000000000002,68.55,1,1,1.0
16,3,317.8,1.64,387.7,109.16,1,1,1.0
16,5,659.19,133.8,268.30999999999995,115.69999999999999,1,1,1.0
16,6,0.0,171.1,50.5,79.1,1,1,1.0
17,2,97.1,0.01,222.26000000000002,68.47999999999999,1,1,1.0
17,3,317.42,1.52,387.7,108.9,1,1,1.0
17,5,621.64,126.67,260.15999999999997,110.63000000000001,1,1,1.0
17,6,0.0,171.1,73.8,95.29999999999998,1,1,1.0
18,2,97.1,0.01,222.20000000000002,68.42,1,1,1.0
18,3,317.03,1.4,387.70000000000005,108.63,1,1,1.0
18,5,583.1,121.6,252.0,105.6,1,1,1.0
18,6,0.0,167.0,92.1,112.60000000000002,1,1,1.0
19,2,97.1,0.01,222.13000000000002,68.35,1,1,1.0
19,3,316.65,1.29,387.70000000000005,108.36,1,1,1.0
19,5,549.61,117.54,241.89,100.55999999999999,1,1,1.0
19,6,0.0,173.09,115.4,121.71000000000001,1,1,1.0
20,2,97.1,0.01,222.07000000000002,68.28999999999999,1,1,1.0
20,3,316.27,1.17,387.70000000000005,108.1,1,1,1.0
20,5,516.1,111.5,234.79999999999995,100.5,1,1,1.0
20,6,0.0,177.15,141.8,130.85,1,1,1.0
21,2,97.1,0.01,222.00000000000003,68.22,1,1,1.0
21,3,315.88,1.05,387.70000000000005,107.83,1,1,1.0
21,5,482.61,108.46,230.78999999999996,91.34000000000002,1,1,1.0
21,6,0.0,189.3,167.1,128.8,1,1,1.0
22,2,97.1,0.01,221.94000000000003,68.16,1,1,1.0
22,3,315.5,0.94,387.70000000000005,107.56,1,1,1.0
22,5,453.18,101.35,224.69,94.45000000000002,1,1,1.0
22,6,0.0,196.4,196.5,139.99999999999997,1,1,1.0
23,2,97.1,0.01,221.88000000000002,68.08999999999999,1,1,1.0
23,3,315.12,0.82,387.70000000000005,107.30000000000001,1,1,1.0
23,5,428.83,98.3,209.46999999999997,90.39999999999999,1,1,1.0
23,6,13.19,206.5,213.71,145.10000000000002,1,1,1.0
24,2,97.1,0.01,221.81000000000003,68.03,1,1,1.0
24,3,314.73,0.7,387.69999999999993,107.03,1,1,1.0
24,5,399.4,91.2,206.39999999999998,90.39999999999999,1,1,1.0
24,6,33.49,213.6,227.90999999999997,155.20000000000002,1,1,1.0
25,2,97.1,0.01,221.75000000000003,67.96,1,1,1.0
25,3,314.35,0.58,387.69999999999993,106.77,1,1,1.0
25,5,375.04,88.15,196.25999999999993,85.35,1,1,1.0
25,6,57.84,226.8,244.16,164.3,1,1,1.0
26,2,97.1,0.01,221.69000000000003,67.89999999999999,1,1,1.0
26,3,313.97,0.47,387.69999999999993,106.5,1,1,1.0
26,5,349.67,82.06,196.25999999999993,85.35,1,1,1.0
26,6,84.23,235.93,256.37,173.46999999999997,1,1,1.0
27,2,97.1,0.01,221.62000000000003,67.83,1,1,1.0
27,3,313.58,0.35,387.7,106.23,1,1,1.0
27,5,331.4,78.0,181.0,85.35,1,1,1.0
27,6,111.63,243.04,275.67,190.76000000000002,1,1,1.0
28,2,97.1,0.01,221.56000000000003,67.77,1,1,1.0
28,3,313.2,0.23,387.7,105.97,1,1,1.0
28,5,310.09,75.97,170.81,82.33000000000001,1,1,1.0
28,6,138.02,256.23,298.98,201.96999999999997,1,1,1.0
29,2,97.1,0.01,221.50000000000003,67.69999999999999,1,1,1.0
29,3,312.82,0.12,387.7,105.69999999999999,1,1,1.0
29,5,287.76,71.9,169.84000000000003,78.28,1,1,1.0
29,6,170.49,274.5,324.31,210.10000000000002,1,1,1.0
29,7,909.7,183.56,50.299999999999955,64.41,1,1,1.0
30,2,97.1,0.01,221.42999999999998,67.64,1,1,1.0
30,3,312.43,0.0,387.7,105.43,1,1,1.0
30,5,270.59,67.61,163.41000000000003,77.19000000000001,1,1,1.0
30,6,213.43,283.09,348.96999999999997,231.61000000000007,1,1,1.0
30,7,859.2,176.0,100.79999999999995,71.97,1,1,1.0
31,2,97.1,0.01,221.37000000000003,67.57,1,1,1.0
31,3,312.38,0.0,387.75,105.38,1,1,1.0
31,5,251.96,66.36,158.43999999999997,74.74,1,1,1.0
31,6,248.21,305.4,388.68999999999994,234.10000000000002,1,1,1.0
31,7,818.21,159.85,141.78999999999996,88.11000000000001,1,1,1.0
32,2,97.1,0.01,221.31000000000003,67.50999999999999,1,1,1.0
32,3,312.33,0.0,387.8,105.33,1,1,1.0
32,5,232.08,65.12,155.92,68.47999999999999,1,1,1.0
32,6,304.1,329.0,399.87,211.0,1,1,1.0
32,7,773.49,144.95,186.51,112.94999999999999,1,1,1.0
33,2,97.1,0.01,221.23999999999998,67.44,1,1,1.0
33,3,312.27,0.0,387.86,105.27,1,1,1.0
33,5,215.94,63.88,150.95999999999998,67.22,1,1,1.0
33,6,351.3,346.4,414.78000000000003,193.60000000000002,1,1,1.0
33,7,730.02,135.01,229.98000000000002,117.89000000000001,1,1,1.0
34,2,97.1,0.01,221.17999999999998,67.38,1,1,1.0
34,3,312.22,0.0,387.90999999999997,105.22,1,1,1.0
34,5,202.27,57.67,141.06999999999996,64.72,1,1,1.0
34,6,403.47,370.0,459.53,168.76,1,1,1.0
34,7,689.03,120.1,249.87,119.1,1,1,1.0
35,2,97.1,0.01,221.12000000000003,67.30999999999999,1,1,1.0
35,3,312.16,0.0,387.96999999999997,105.16,1,1,1.0
35,5,182.4,57.67,141.07000000000002,64.72,1,1,1.0
35,6,459.4,397.3,457.01,142.7,1,1,1.0
35,7,648.04,115.1,241.16000000000008,105.5,1,1,1.0
36,2,97.1,0.01,221.04999999999998,67.25,1,1,1.0
36,3,312.11,0.0,388.02,105.11,1,1,1.0
36,5,168.74,57.67,134.86,61.03,1,1,1.0
36,6,543.9,417.2,402.32000000000005,122.80000000000001,1,1,1.0
36,7,613.26,108.9,231.24,100.5,1,1,1.0
37,2,97.1,0.01,220.98999999999998,67.17999999999999,1,1,1.0
37,3,312.06,0.0,388.07,105.06,1,1,1.0
37,5,156.31,51.5,129.89,66.0,1,1,1.0
37,6,623.4,449.5,336.6,88.01999999999998,1,1,1.0
37,7,579.72,101.45,231.24,100.49999999999999,1,1,1.0
38,2,97.1,0.01,220.92999999999998,67.11999999999999,1,1,1.0
38,3,312.0,0.0,388.13,105.0,1,1,1.0
38,5,140.17,46.53,129.88000000000002,66.0,1,1,1.0
38,6,732.7,483.0,227.29999999999995,57.0,1,1,1.0
38,7,542.46,101.45,217.53999999999996,88.05,1,1,1.0
39,2,97.1,0.01,220.85999999999999,67.05,1,1,1.0
39,3,311.95,0.0,388.18,104.95,1,1,1.0
39,5,127.75,45.29,123.65,63.51,1,1,1.0
39,6,845.7,515.3,114.29999999999995,24.700000000000045,1,1,1.0
39,7,508.92,96.48,211.37999999999994,85.52,1,1,1.0
40,2,97.1,0.01,220.79999999999998,66.99,1,1,1.0
40,3,311.9,0.0,388.23,104.9,1,1,1.0
40,5,114.08,42.81,123.66000000000001,63.50999999999999,1,1,1.0
40,6,845.7,515.3,114.29999999999995,24.700000000000045,1,1,1.0
40,7,484.08,90.3,210.12000000000006,84.2,1,1,1.0
41,2,97.1,0.0,219.87000000000003,64.83,1,1,1.0
41,3,311.84,0.0,388.29,104.84,1,1,1.0
41,5,101.66,40.32,118.64000000000001,59.779999999999994,1,1,1.0
41,6,845.7,515.3,114.29999999999995,24.700000000000045,1,1,1.0
41,7,451.79,86.57,196.41000000000003,80.43,1,1,1.0
42,2,97.1,0.0,218.94000000000003,62.65,1,1,1.0
42,3,311.79,0.0,388.34,104.79,1,1,1.0
42,5,90.48,39.08,114.92,57.32000000000001,1,1,1.0
42,6,845.7,515.3,114.29999999999995,24.700000000000045,1,1,1.0
42,7,424.46,79.1,187.74000000000007,79.20000000000002,1,1,1.0
43,2,97.1,0.0,218.01000000000002,60.48,1,1,1.0
43,3,311.74,0.0,388.39,104.74,1,1,1.0
43,5,79.3,36.59,110.00000000000001,56.11,1,1,1.0
43,6,845.7,515.3,114.29999999999995,24.700000000000045,1,1,1.0
43,7,399.62,75.37,181.48000000000002,79.22999999999999,1,1,1.0
44,2,97.1,0.0,217.07000000000002,58.3,1,1,1.0
44,3,311.68,0.0,388.45,104.68,1,1,1.0
44,5,63.16,35.35,109.99000000000001,56.10999999999999,1,1,1.0
44,6,845.7,515.3,114.29999999999995,24.700000000000045,1,1,1.0
44,7,372.29,74.13,170.31,71.77000000000001,1,1,1.0
45,2,97.02,0.0,217.08000000000004,57.91,1,1,1.0
45,3,311.63,0.0,388.5,104.63,1,1,1.0
45,5,53.22,32.87,108.78,56.13,1,1,1.0
45,6,845.7,515.3,114.29999999999995,24.700000000000045,1,1,1.0
45,7,346.21,66.68,170.31,71.76999999999998,1,1,1.0
46,2,96.94,0.0,217.07999999999998,57.52,1,1,1.0
46,3,311.58,0.0,388.55,104.58,1,1,1.0
46,5,44.52,31.63,105.07999999999998,54.870000000000005,1,1,1.0
46,6,845.7,515.3,114.29999999999995,24.700000000000045,1,1,1.0
46,7,327.58,62.95,161.62,70.55,1,1,1.0
47,2,96.87,0.0,217.07,57.14,1,1,1.0
47,3,311.52,0.0,388.61,104.52,1,1,1.0
47,5,35.83,31.63,100.14,54.870000000000005,1,1,1.0
47,6,845.7,515.3,114.29999999999995,24.700000000000045,1,1,1.0
47,7,306.46,60.47,154.12,69.27000000000001,1,1,1.0
48,2,96.79,0.0,217.07,56.75,1,1,1.0
48,3,311.47,0.0,388.65999999999997,104.47,1,1,1.0
48,5,25.89,31.63,97.71,52.370000000000005,1,1,1.0
48,6,845.7,515.3,114.29999999999995,24.700000000000045,1,1,1.0
48,7,282.86,57.98,151.64,68.02000000000001,1,1,1.0
49,2,96.71,0.0,217.08000000000004,56.36,1,1,1.0
49,3,311.41,0.0,388.71999999999997,104.41,1,1,1.0
49,5,15.96,29.14,94.03999999999999,51.16,1,1,1.0
49,6,845.7,515.3,114.29999999999995,24.700000000000045,1,1,1.0
49,7,262.99,57.98,145.40999999999997,63.02,1,1,1.0
50,2,96.63,0.0,217.07999999999998,55.97,1,1,1.0
50,3,311.36,0.0,388.77,104.36,1,1,1.0
50,5,7.26,26.66,92.83999999999999,48.64,1,1,1.0
50,6,845.7,515.3,114.29999999999995,24.700000000000045,1,1,1.0
50,7,246.84,56.74,139.16,60.559999999999995,1,1,1.0
51,2,96.56,0.0,217.07,55.58,1,1,1.0
51,3,311.31,0.0,388.82,104.31,1,1,1.0
51,5,1.05,27.9,89.12,43.699999999999996,1,1,1.0
51,6,845.7,515.3,114.29999999999995,24.700000000000045,1,1,1.0
51,7,225.72,46.8,142.85999999999999,66.76,1,1,1.0
52,2,96.48,0.0,217.07,55.19,1,1,1.0
52,3,311.25,0.0,388.88,104.25,1,1,1.0
52,5,0.0,21.69,78.99,43.7,1,1,1.0
52,6,845.7,515.3,114.29999999999995,24.700000000000045,1,1,1.0
52,7,208.33,43.08,142.85999999999999,66.75,1,1,1.0
53,2,96.4,0.0,217.07000000000002,54.81,1,1,1.0
53,3,311.2,0.0,388.93,104.2,1,1,1.0
53,5,0.0,21.69,72.8,43.71000000000001,1,1,1.0
53,6,845.7,515.3,114.29999999999995,24.700000000000045,1,1,1.0
53,7,192.18,41.84,131.71999999999997,60.56,1,1,1.0
54,2,96.32,0.0,217.07999999999998,54.42,1,1,1.0
54,3,311.2,0.0,388.93,104.2,1,1,1.0
54,5,0.0,21.69,61.6,44.91,1,1,1.0
54,6,845.7,515.3,114.29999999999995,24.700000000000045,1,1,1.0
54,7,182.25,41.84,121.75,55.56,1,1,1.0
55,2,96.25,0.0,217.07,54.03,1,1,1.0
55,3,311.2,0.0,388.93,104.2,1,1,1.0
55,5,0.0,21.69,47.9,43.71000000000001,1,1,1.0
55,6,845.7,515.3,114.29999999999995,24.700000000000045,1,1,1.0
55,7,164.86,39.35,118.06,55.60999999999999,1,1,1.0
56,2,96.17,0.0,217.07,53.64,1,1,1.0
56,3,311.2,0.0,388.93,104.2,1,1,1.0
56,5,0.0,21.69,40.4,41.209999999999994,1,1,1.0
56,6,845.7,515.3,114.29999999999995,24.700000000000045,1,1,1.0
56,7,152.44,38.11,118.06,55.61,1,1,1.0
57,2,96.09,0.0,217.07000000000002,53.25,1,1,1.0
57,3,311.2,0.0,388.93,104.2,1,1,1.0
57,5,0.0,21.69,32.9,38.709999999999994,1,1,1.0
57,6,845.7,515.3,114.29999999999995,24.700000000000045,1,1,1.0
57,7,140.02,35.62,113.07999999999998,54.38,1,1,1.0
58,2,96.01,0.0,217.07999999999998,52.87,1,1,1.0
58,3,311.2,0.0,388.93,104.2,1,1,1.0
58,5,0.0,21.69,21.7,36.209999999999994,1,1,1.0
58,6,845.7,515.3,114.29999999999995,24.700000000000045,1,1,1.0
58,7,123.87,33.14,113.07999999999998,54.379999999999995,1,1,1.0
59,2,95.94,0.0,217.07,52.48,1,1,1.0
59,3,311.2,0.0,388.93,104.2,1,1,1.0
59,5,0.0,21.69,13.0,33.709999999999994,1,1,1.0
59,6,845.7,515.3,114.29999999999995,24.700000000000045,1,1,1.0
59,7,112.69,33.14,106.91,54.36,1,1,1.0
60,2,95.86,0.0,217.07,52.09,1,1,1.0
60,3,311.2,0.0,388.93,104.2,1,1,1.0
60,5,0.0,21.69,8.1,35.010000000000005,1,1,1.0
60,6,845.7,515.3,114.29999999999995,24.700000000000045,1,1,1.0
60,7,102.75,33.1,103.15,50.699999999999996,1,1,1.0
